Kung
(x,y)
0,1
0,-1
1,1
-1,-1

Bonde
(x,y)
0,1
* vid första draget kan den välja 0,2!

Torn
(x,y)
0,1 | 0,2 | 0,3 | 0,4 | 0,5 | 0,6 | 0,7 | 0,8
0,-1 | 0,-2 | 0,-3 | 0,-4 | 0,-5 | 0,-6 | 0,-7 | 0,-8
1,0 | 2,0 | 3,0 | 4,0 | 5,0 | 6,0 | 7,0 | 8,0
-1,0 | -2,0 | -3,0 | -4,0 | -5,0 | -6,0 | -7,0 | -8,0

Löpare
(x,y)
1,1 | 2,2 | 3,3 | 4,4 | 5,5 | 6,6 | 7,7 | 8,8
1,-1 | 2,-2 | 3,-3 | 4,-4 | 5,-5 | 6,-6 | 7,-7 | 8,-8
-1,-1 | -2,-2 | -3,-3 | -4,-4 | -5,-5 | -6,-6 | -7,-7 | -8,-8
-1,1 | -2,2 | -3,3 | -4,4 | -5,5 | -6,6 | -7,7 | -8,8

Dam
(x,y)
0,1 | 0,2 | 0,3 | 0,4 | 0,5 | 0,6 | 0,7 | 0,8
0,-1 | 0,-2 | 0,-3 | 0,-4 | 0,-5 | 0,-6 | 0,-7 | 0,-8
1,0 | 2,0 | 3,0 | 4,0 | 5,0 | 6,0 | 7,0 | 8,0
-1,0 | -2,0 | -3,0 | -4,0 | -5,0 | -6,0 | -7,0 | -8,0
1,1 | 2,2 | 3,3 | 4,4 | 5,5 | 6,6 | 7,7 | 8,8
1,-1 | 2,-2 | 3,-3 | 4,-4 | 5,-5 | 6,-6 | 7,-7 | 8,-8
-1,-1 | -2,-2 | -3,-3 | -4,-4 | -5,-5 | -6,-6 | -7,-7 | -8,-8
-1,1 | -2,2 | -3,3 | -4,4 | -5,5 | -6,6 | -7,7 | -8,8

Häst
(x,y)
1,2 | -1,2 | 1,-2 | -1,-2 
2,1 | -2,1 | 2,-1 | -2,-1